{
"lowlevel": {
    "average_loudness": 0.896034061909,
    "barkbands_crest": {
        "dmean": 2.70830202103,
        "dmean2": 4.00933504105,
        "dvar": 6.30365896225,
        "dvar2": 13.1178455353,
        "max": 25.9441871643,
        "mean": 11.2439088821,
        "median": 9.75725460052,
        "min": 2.0829782486,
        "var": 36.6197166443
    },
    "barkbands_flatness_db": {
        "dmean": 0.032585196197,
        "dmean2": 0.0472506769001,
        "dvar": 0.00195804238319,
        "dvar2": 0.00347336544655,
        "max": 0.604736626148,
        "mean": 0.168546870351,
        "median": 0.139007031918,
        "min": 0.0508239232004,
        "var": 0.00885782483965
    },
    "barkbands_kurtosis": {
        "dmean": 32.8294868469,
        "dmean2": 53.7421188354,
        "dvar": 15203.6787109,
        "dvar2": 40439.3007812,
        "max": 2412.64746094,
        "mean": 35.987197876,
        "median": 0.0686955451965,
        "min": -1.82632505894,
        "var": 17171.0078125
    },
    "barkbands_skewness": {
        "dmean": 1.3405777216,
        "dmean2": 1.98603963852,
        "dvar": 6.50339317322,
        "dvar2": 14.1985769272,
        "max": 34.9173431396,
        "mean": 2.58306050301,
        "median": 0.840003013611,
        "min": -1.80034446716,
        "var": 19.0214080811
    },
    "barkbands_spread": {
        "dmean": 6.33524274826,
        "dmean2": 9.66561222076,
        "dvar": 70.9551620483,
        "dvar2": 141.714050293,
        "max": 96.0355682373,
        "mean": 24.2829322815,
        "median": 24.1787929535,
        "min": 0.0659519657493,
        "var": 262.165130615
    },
    "dissonance": {
        "dmean": 0.0148609876633,
        "dmean2": 0.0252038650215,
        "dvar": 0.000224643503316,
        "dvar2": 0.000619110302068,
        "max": 0.500000119209,
        "mean": 0.472430348396,
        "median": 0.477768808603,
        "min": 0.259183466434,
        "var": 0.000494984036777
    },
    "dynamic_complexity": 4.82213830948,
    "erbbands_crest": {
        "dmean": 3.03730416298,
        "dmean2": 5.12711763382,
        "dvar": 9.67774295807,
        "dvar2": 23.8425941467,
        "max": 30.5384426117,
        "mean": 8.61803913116,
        "median": 7.14800167084,
        "min": 2.35582470894,
        "var": 21.3932209015
    },
    "erbbands_flatness_db": {
        "dmean": 0.019053388387,
        "dmean2": 0.0294266175479,
        "dvar": 0.000387155625504,
        "dvar2": 0.000881602871232,
        "max": 0.407259076834,
        "mean": 0.165647521615,
        "median": 0.146404355764,
        "min": 0.0473209656775,
        "var": 0.00405606953427
    },
    "erbbands_kurtosis": {
        "dmean": 1.46381652355,
        "dmean2": 2.56930923462,
        "dvar": 21.6800060272,
        "dvar2": 59.3338737488,
        "max": 120.317298889,
        "mean": 0.705809056759,
        "median": -0.26954627037,
        "min": -1.76340472698,
        "var": 24.1469211578
    },
    "erbbands_skewness": {
        "dmean": 0.476996481419,
        "dmean2": 0.774772822857,
        "dvar": 0.472982019186,
        "dvar2": 1.05580794811,
        "max": 9.6469707489,
        "mean": 0.269435673952,
        "median": 0.0918720886111,
        "min": -1.99860489368,
        "var": 0.935970127583
    },
    "erbbands_spread": {
        "dmean": 10.3452110291,
        "dmean2": 16.8891582489,
        "dvar": 161.872665405,
        "dvar2": 418.669891357,
        "max": 158.78338623,
        "mean": 41.229888916,
        "median": 36.3692359924,
        "min": 3.08934259415,
        "var": 564.238586426
    },
    "hfc": {
        "dmean": 9.204829216,
        "dmean2": 13.9630489349,
        "dvar": 154.28086853,
        "dvar2": 366.51763916,
        "max": 126.359649658,
        "mean": 29.2130279541,
        "median": 25.7917499542,
        "min": 1.16890943768e-16,
        "var": 526.472900391
    },
    "melbands_crest": {
        "dmean": 3.48268485069,
        "dmean2": 5.2861123085,
        "dvar": 11.9529914856,
        "dvar2": 24.9167900085,
        "max": 37.9088287354,
        "mean": 15.5590133667,
        "median": 13.5015830994,
        "min": 2.33307051659,
        "var": 70.2418823242
    },
    "melbands_flatness_db": {
        "dmean": 0.0382005982101,
        "dmean2": 0.0532274469733,
        "dvar": 0.00275154202245,
        "dvar2": 0.00451297871768,
        "max": 0.750559210777,
        "mean": 0.201667055488,
        "median": 0.162194296718,
        "min": 0.00610944069922,
        "var": 0.0160361956805
    },
    "melbands_kurtosis": {
        "dmean": 47.4258460999,
        "dmean2": 78.7970581055,
        "dvar": 15639.8408203,
        "dvar2": 40635.6953125,
        "max": 1898.77416992,
        "mean": 67.7912902832,
        "median": 3.67687177658,
        "min": -1.67767906189,
        "var": 28896.6875
    },
    "melbands_skewness": {
        "dmean": 1.4681340456,
        "dmean2": 2.24997544289,
        "dvar": 6.73691415787,
        "dvar2": 14.6767873764,
        "max": 32.0725135803,
        "mean": 3.81914162636,
        "median": 1.82039904594,
        "min": -1.35569679737,
        "var": 22.7576580048
    },
    "melbands_spread": {
        "dmean": 7.79799938202,
        "dmean2": 11.9775495529,
        "dvar": 93.8047943115,
        "dvar2": 203.719863892,
        "max": 151.365982056,
        "mean": 28.7706871033,
        "median": 28.6921043396,
        "min": 0.174847140908,
        "var": 416.606689453
    },
    "pitch_salience": {
        "dmean": 0.0849044695497,
        "dmean2": 0.127959296107,
        "dvar": 0.00688302144408,
        "dvar2": 0.0146551746875,
        "max": 0.882741928101,
        "mean": 0.479228079319,
        "median": 0.509826719761,
        "min": 0.0304144136608,
        "var": 0.0327218323946
    },
    "silence_rate_20dB": {
        "dmean": 0,
        "dmean2": 0,
        "dvar": 0,
        "dvar2": 0,
        "max": 1,
        "mean": 1,
        "median": 1,
        "min": 1,
        "var": 0
    },
    "silence_rate_30dB": {
        "dmean": 0.0567874535918,
        "dmean2": 0.11359026283,
        "dvar": 0.0535656735301,
        "dvar2": 0.101762287319,
        "max": 1,
        "mean": 0.882925510406,
        "median": 1,
        "min": 0,
        "var": 0.103376850486
    },
    "silence_rate_60dB": {
        "dmean": 0.0127095729113,
        "dmean2": 0.0254225824028,
        "dvar": 0.0125468391925,
        "dvar2": 0.0280199944973,
        "max": 1,
        "mean": 0.0990942269564,
        "median": 0,
        "min": 0,
        "var": 0.0892816334963
    },
    "spectral_centroid": {
        "dmean": 307.713256836,
        "dmean2": 480.718109131,
        "dvar": 146579.796875,
        "dvar2": 275561.5,
        "max": 10728.4902344,
        "mean": 1710.06079102,
        "median": 1817.92687988,
        "min": 77.0313110352,
        "var": 599067.5
    },
    "spectral_complexity": {
        "dmean": 4.84072494507,
        "dmean2": 7.62190675735,
        "dvar": 35.8450584412,
        "dvar2": 79.4244918823,
        "max": 62,
        "mean": 21.5054759979,
        "median": 22,
        "min": 0,
        "var": 163.559906006
    },
    "spectral_decrease": {
        "dmean": 4.30770308313e-09,
        "dmean2": 6.76634526187e-09,
        "dvar": 7.02890637468e-17,
        "dvar2": 1.5738952127e-16,
        "max": -5.79552223127e-29,
        "mean": -1.05519442073e-08,
        "median": -7.02340763326e-09,
        "min": -6.68946213978e-08,
        "var": 1.52013972254e-16
    },
    "spectral_energy": {
        "dmean": 0.0166469160467,
        "dmean2": 0.0261187925935,
        "dvar": 0.00099207542371,
        "dvar2": 0.00221478519961,
        "max": 0.254945546389,
        "mean": 0.0424751751125,
        "median": 0.0304987169802,
        "min": 1.08210782226e-20,
        "var": 0.00219361064956
    },
    "spectral_energyband_high": {
        "dmean": 0.000805857998785,
        "dmean2": 0.00127654371317,
        "dvar": 1.86409454273e-06,
        "dvar2": 4.42646478405e-06,
        "max": 0.0152554670349,
        "mean": 0.00171300291549,
        "median": 0.000924182939343,
        "min": 7.6327000502e-21,
        "var": 4.25681810157e-06
    },
    "spectral_energyband_low": {
        "dmean": 0.0155786275864,
        "dmean2": 0.024548297748,
        "dvar": 0.0011723927455,
        "dvar2": 0.00280117802322,
        "max": 0.254164963961,
        "mean": 0.0260262526572,
        "median": 0.00634498335421,
        "min": 6.18322872138e-23,
        "var": 0.00220120232552
    },
    "spectral_energyband_middle_high": {
        "dmean": 0.00253610010259,
        "dmean2": 0.00408091163263,
        "dvar": 1.01423620436e-05,
        "dvar2": 2.4967628633e-05,
        "max": 0.0383121073246,
        "mean": 0.00760034564883,
        "median": 0.00660449499264,
        "min": 1.81029910891e-21,
        "var": 4.28975290561e-05
    },
    "spectral_energyband_middle_low": {
        "dmean": 0.00645977584645,
        "dmean2": 0.0114741986617,
        "dvar": 0.000387314037653,
        "dvar2": 0.00110217358451,
        "max": 0.164943635464,
        "mean": 0.00908409710974,
        "median": 0.00562547938898,
        "min": 2.86446249412e-22,
        "var": 0.000244947645115
    },
    "spectral_entropy": {
        "dmean": 0.21566170454,
        "dmean2": 0.333528935909,
        "dvar": 0.0916502401233,
        "dvar2": 0.205428808928,
        "max": 9.80436992645,
        "mean": 7.65197229385,
        "median": 7.77909708023,
        "min": 4.91200780869,
        "var": 0.295009613037
    },
    "spectral_flux": {
        "dmean": 0.0338738821447,
        "dmean2": 0.0464845113456,
        "dvar": 0.00280614430085,
        "dvar2": 0.00426426716149,
        "max": 0.55364793539,
        "mean": 0.10606520623,
        "median": 0.085044786334,
        "min": 1.04024414083e-10,
        "var": 0.00839371327311
    },
    "spectral_kurtosis": {
        "dmean": 1.40729689598,
        "dmean2": 2.39378452301,
        "dvar": 3.60061788559,
        "dvar2": 10.5230665207,
        "max": 31.4400901794,
        "mean": 3.47125864029,
        "median": 2.51446580887,
        "min": -1.1843906641,
        "var": 9.02654075623
    },
    "spectral_rms": {
        "dmean": 0.000982656725682,
        "dmean2": 0.00149303185754,
        "dvar": 2.26680026572e-06,
        "dvar2": 4.49118851975e-06,
        "max": 0.015771092847,
        "mean": 0.00558003270999,
        "median": 0.00545480009168,
        "min": 3.2491767523e-12,
        "var": 1.0302532246e-05
    },
    "spectral_rolloff": {
        "dmean": 553.959655762,
        "dmean2": 920.930114746,
        "dvar": 744312.0625,
        "dvar2": 1576213.75,
        "max": 19143.0175781,
        "mean": 1962.0847168,
        "median": 1894.921875,
        "min": 43.06640625,
        "var": 2444213.5
    },
    "spectral_skewness": {
        "dmean": 0.215373277664,
        "dmean2": 0.351827144623,
        "dvar": 0.048593826592,
        "dvar2": 0.126099765301,
        "max": 4.05102109909,
        "mean": 1.33248662949,
        "median": 1.24930429459,
        "min": 0.0167844854295,
        "var": 0.222283318639
    },
    "spectral_spread": {
        "dmean": 511403.6875,
        "dmean2": 769341.3125,
        "dvar": 406814752768,
        "dvar2": 704851083264,
        "max": 40406084,
        "mean": 4881570.5,
        "median": 4859753,
        "min": 1469895.25,
        "var": 3.40793045811e+12
    },
    "spectral_strongpeak": {
        "dmean": 0.514953196049,
        "dmean2": 0.866554260254,
        "dvar": 0.689835846424,
        "dvar2": 1.74723792076,
        "max": 8.99527454376,
        "mean": 0.974184513092,
        "median": 0.643010556698,
        "min": 0,
        "var": 1.080747962
    },
    "zerocrossingrate": {
        "dmean": 0.0116170141846,
        "dmean2": 0.0134496884421,
        "dvar": 0.00019013840938,
        "dvar2": 0.000239275352214,
        "max": 0.51123046875,
        "mean": 0.0708268582821,
        "median": 0.07080078125,
        "min": 0.001953125,
        "var": 0.00165173970163
    },
    "barkbands": {
        "dmean": [0.000418803858338, 0.011566594243, 0.00711837410927, 0.00450579123572, 0.00123168120626, 0.000439402239863, 0.000906733330339, 0.000367991044186, 0.000551988370717, 0.000456676905742, 0.000572979857679, 0.000531894387677, 0.00103700847831, 0.000242210255237, 0.000288326060399, 0.000803559669293, 0.000358125922503, 0.000198574547539, 0.000245440227445, 0.000253635604167, 0.000324070977513, 0.00018872016517, 0.000143204597407, 0.000131225548103, 9.48441811488e-05, 4.72126303066e-05, 1.97851179884e-09],
        "dmean2": [0.000515050778631, 0.0192753765732, 0.012211991474, 0.00831702910364, 0.00217093527317, 0.00068652984919, 0.00137044931762, 0.000589909788687, 0.000850813521538, 0.000678668671753, 0.000850333250128, 0.000864615023602, 0.00173021154478, 0.000405020982726, 0.00047849083785, 0.00138277420774, 0.000596534053329, 0.000346676795743, 0.000415131711634, 0.000430884218076, 0.000540943699889, 0.000307479233015, 0.000229781973758, 0.000210658792639, 0.000149078929098, 7.47614903958e-05, 3.67057673145e-09],
        "dvar": [1.11231997835e-06, 0.000693721405696, 0.000582456181291, 0.000297566351946, 1.18439702419e-05, 5.20366711498e-07, 1.6147353108e-06, 9.80067056844e-07, 8.67331152676e-07, 1.39738631333e-06, 7.79816843988e-07, 1.27841940412e-06, 2.62529260908e-06, 1.25291137465e-07, 1.48639671238e-07, 1.50994276282e-06, 3.20364932804e-07, 1.14592118905e-07, 1.55014362235e-07, 2.04248522095e-07, 3.14625395959e-07, 8.50355874604e-08, 6.4252255072e-08, 7.33606597692e-08, 3.58617029406e-08, 9.80065006928e-09, 8.64165379753e-17],
        "dvar2": [1.75575576122e-06, 0.00192590500228, 0.00156530807726, 0.000852693920024, 3.40980222973e-05, 1.28666022192e-06, 3.41086956723e-06, 2.29812258112e-06, 1.8868057623e-06, 2.72399506684e-06, 1.79008645773e-06, 3.41499571732e-06, 6.60253272144e-06, 3.25797174128e-07, 3.95143814558e-07, 4.16194188801e-06, 8.31061072404e-07, 3.22146519238e-07, 4.11070999462e-07, 5.60255898563e-07, 8.38248411128e-07, 2.1729951527e-07, 1.50673599819e-07, 1.74018836674e-07, 8.14155498574e-08, 2.22008598172e-08, 2.58989667455e-16],
        "max": [0.0104283662513, 0.189665853977, 0.169536694884, 0.141229748726, 0.030977088958, 0.0101240631193, 0.0178244765848, 0.0246845260262, 0.0136757642031, 0.023015441373, 0.0142385475338, 0.0207780282944, 0.0305510759354, 0.00620408728719, 0.00484514050186, 0.0139378672466, 0.00878258608282, 0.00384542392567, 0.00404479773715, 0.00847666617483, 0.00726910214871, 0.00377880013548, 0.00358693511225, 0.00430299947038, 0.00314664468169, 0.00146563723683, 4.55932564591e-07],
        "mean": [0.000624477281235, 0.0176997929811, 0.00586294708773, 0.00308355712332, 0.00136254983954, 0.000807076925412, 0.00221524923109, 0.000527157681063, 0.000953821931034, 0.000771514198277, 0.000996203511022, 0.000809749879409, 0.00162868585903, 0.000357010198059, 0.000469021819299, 0.00106888066512, 0.000564656394999, 0.000286796945147, 0.000383003905881, 0.000438772229245, 0.000566319329664, 0.000373085320462, 0.000244346767431, 0.000192053194041, 0.000129710155306, 5.86587229918e-05, 1.77741232843e-09],
        "median": [2.08877154364e-05, 0.00335552054457, 0.000335220014676, 0.000249297881965, 0.000429137493484, 0.000360548263416, 0.00088285759557, 0.000175731824129, 0.000451840634923, 0.000251714023761, 0.000483748561237, 0.000348892470356, 0.000809154240415, 0.000215729611227, 0.000305839232169, 0.000534502032679, 0.000269346899586, 0.000190172839211, 0.000202498151339, 0.000186656136066, 0.000233874947298, 0.000200312497327, 0.000103128972114, 6.6024455009e-05, 3.37798410328e-05, 1.18918505905e-05, 6.46031061979e-10],
        "min": [2.21598774891e-23, 1.35568286694e-23, 1.30982945908e-23, 3.85288312025e-23, 6.96669066256e-23, 4.13322566885e-23, 1.21478426289e-23, 2.46678335453e-23, 9.4739847067e-23, 6.30626388577e-23, 1.20550037978e-22, 1.71862776668e-22, 1.03495622513e-22, 1.11947326791e-22, 8.45539677737e-23, 2.16511723302e-22, 1.99463378911e-22, 3.09731126171e-22, 2.72296079013e-22, 3.86285571049e-22, 4.47820255753e-22, 4.89937249182e-22, 5.82173188627e-22, 8.56769586039e-22, 1.26267181802e-21, 1.87241318355e-21, 2.09558877464e-21],
        "var": [2.3600869099e-06, 0.00107597454917, 0.000422070268542, 0.000170165527379, 8.01339501777e-06, 1.29074317101e-06, 8.54373774928e-06, 1.93483106159e-06, 2.21389291255e-06, 4.14974738305e-06, 1.9255207917e-06, 2.33111359194e-06, 6.29617534287e-06, 1.91023431739e-07, 2.77685245464e-07, 2.06131949199e-06, 6.33152126284e-07, 1.16835813913e-07, 2.28795485668e-07, 4.25249879754e-07, 6.4640863684e-07, 2.14073239135e-07, 1.18429255735e-07, 1.01273215591e-07, 5.68177043192e-08, 1.26522889943e-08, 4.64005608035e-17]
    },
    "erbbands": {
        "dmean": [0.361029118299, 2.7162771225, 7.63271903992, 12.5354986191, 8.76319026947, 3.35959124565, 3.6340379715, 3.09491944313, 6.83251571655, 14.866232872, 9.5140838623, 11.3948144913, 9.10088729858, 25.4793758392, 16.1630592346, 20.0378341675, 35.6864700317, 24.860710144, 12.0325288773, 16.5098972321, 46.5483360291, 16.7500133514, 10.8711147308, 12.9880666733, 11.0688009262, 10.1415014267, 9.5168504715, 13.6798849106, 8.49261474609, 4.90859413147, 3.7752187252, 3.01545119286, 2.03811049461, 1.16229319572, 0.639768064022, 0.286725908518, 0.0811321437359, 0.00440184772015, 9.66703519225e-05, 2.23165243369e-05],
        "dmean2": [0.464008927345, 4.65025520325, 12.3275899887, 22.3504829407, 15.8284578323, 5.7513833046, 5.78672456741, 4.76124858856, 10.8731489182, 22.942609787, 14.9711647034, 17.7207355499, 14.0625324249, 37.6347694397, 25.1704273224, 33.3247299194, 59.0732727051, 41.5834465027, 20.0098991394, 27.2232666016, 80.0912246704, 28.0448188782, 19.0029621124, 22.1860294342, 18.6501789093, 17.3007049561, 16.4213256836, 22.6769962311, 13.6391973495, 7.97943305969, 6.01853847504, 4.93310308456, 3.26326966286, 1.83846879005, 1.02077722549, 0.450171470642, 0.129442766309, 0.00728732161224, 0.000154152876348, 3.43826468452e-05],
        "dvar": [0.790316283703, 43.2514381409, 586.102905273, 2119.16748047, 966.789855957, 54.0041160583, 34.619972229, 26.2329177856, 111.425849915, 486.835662842, 606.124023438, 359.185546875, 159.274780273, 2749.20385742, 814.437866211, 1714.41625977, 4792.95996094, 1115.85290527, 314.169158936, 434.609832764, 4983.84033203, 683.241333008, 271.929382324, 559.613647461, 288.314086914, 315.322601318, 315.901733398, 621.416809082, 177.549209595, 61.033405304, 51.021030426, 38.2175636292, 18.065908432, 5.87273836136, 1.6203122139, 0.379675835371, 0.0278616175056, 8.13238802948e-05, 3.58304319548e-08, 1.19671939025e-09],
        "dvar2": [1.60780763626, 120.622116089, 1521.9675293, 5859.00585938, 2774.66455078, 149.073379517, 88.4588851929, 63.3285484314, 269.312805176, 1059.70214844, 1363.72351074, 826.739257812, 377.969909668, 5750.22119141, 2079.73950195, 4742.43847656, 12303.1142578, 3017.91894531, 819.51373291, 1136.25708008, 13671.7773438, 1735.85229492, 760.473815918, 1548.36499023, 767.188659668, 867.302185059, 870.553405762, 1681.16662598, 444.016235352, 150.876037598, 116.418060303, 93.3285827637, 42.2013168335, 13.5479335785, 3.83222174644, 0.857942402363, 0.0651612058282, 0.000203613846679, 8.56361026536e-08, 2.53514209625e-09],
        "max": [8.06124305725, 43.9764099121, 171.093185425, 343.552307129, 259.935638428, 63.054523468, 73.9220352173, 74.5408935547, 130.571151733, 300.254516602, 745.863830566, 288.427520752, 160.106369019, 947.651611328, 516.934265137, 996.87677002, 1359.00878906, 409.323120117, 248.83026123, 266.878570557, 789.46472168, 529.231140137, 194.06072998, 251.328918457, 221.554489136, 322.115692139, 191.358215332, 345.120666504, 181.119369507, 104.874786377, 106.022514343, 80.3137130737, 68.1551437378, 43.6145553589, 16.7097930908, 10.8711175919, 2.12408661842, 0.130439728498, 0.00261829211377, 0.000279066181974],
        "mean": [0.534388899803, 3.7736158371, 7.28890371323, 9.27418994904, 6.90782403946, 4.12672328949, 6.11187744141, 5.9592256546, 14.7414045334, 36.1885871887, 15.9102563858, 20.5709114075, 17.445016861, 46.5401268005, 30.4752616882, 32.2683563232, 60.9349708557, 41.5728759766, 20.1869506836, 30.3653316498, 66.8428649902, 28.8616371155, 16.9746990204, 18.8607120514, 20.2152404785, 18.02866745, 15.0800457001, 24.0271434784, 17.1211261749, 9.49490070343, 6.20592403412, 4.45051145554, 2.98758673668, 1.57484936714, 0.858147382736, 0.363182246685, 0.0944136455655, 0.00458940537646, 0.000131683846121, 5.89000046602e-05],
        "median": [0.0940757393837, 0.663907945156, 0.696951329708, 0.799236536026, 1.10073697567, 1.33725976944, 2.73933625221, 2.77995014191, 7.97692728043, 13.7826185226, 6.49940872192, 10.0990724564, 10.8860607147, 20.389503479, 18.5375976562, 15.6507034302, 29.3968029022, 27.1420898438, 13.5126237869, 21.7876968384, 36.5804443359, 16.3273334503, 11.9777727127, 10.7915201187, 10.7919893265, 8.10765075684, 7.77919769287, 9.35862445831, 8.13480758667, 4.8641295433, 2.5868473053, 1.63215351105, 0.991717278957, 0.417159110308, 0.21241183579, 0.0811092630029, 0.0173113383353, 0.000510296842549, 5.39266729902e-05, 4.85551827296e-05],
        "min": [7.8621240255e-22, 2.13951820439e-21, 1.21673138617e-20, 7.5568015438e-20, 1.87458526775e-19, 1.52639948627e-19, 4.40930279883e-19, 3.44094959757e-19, 1.60350396385e-19, 4.62326081908e-19, 8.96797994062e-19, 2.2254471336e-18, 1.15385574315e-18, 4.45773008779e-18, 3.84074682223e-18, 7.26943196796e-18, 5.31410893519e-18, 4.63424670819e-18, 4.86426454344e-18, 7.99983989347e-18, 1.22131306656e-17, 1.16197452086e-17, 1.82679777714e-17, 1.48863327328e-17, 1.21889786461e-17, 1.80169119119e-17, 1.33907273195e-17, 2.25564526438e-17, 1.79039819059e-17, 1.64369688178e-17, 1.84719108796e-17, 2.15023532282e-17, 1.29860548474e-17, 1.20710615682e-17, 9.85076652908e-18, 7.15934994486e-18, 3.63228159144e-18, 1.06099272527e-18, 2.60269924047e-19, 3.57695288906e-20],
        "var": [1.35130178928, 54.8104858398, 481.870849609, 1349.17089844, 565.312805176, 51.8309288025, 74.045539856, 63.9337806702, 294.322387695, 2458.36157227, 1436.5748291, 960.391967773, 419.192138672, 7642.4921875, 1732.6361084, 3031.42431641, 12023.6191406, 2114.17675781, 530.054626465, 1001.40802002, 7303.36816406, 1434.21228027, 339.812347412, 598.046813965, 618.404785156, 642.813049316, 380.278808594, 1300.4753418, 489.98916626, 139.918380737, 85.1128158569, 51.061630249, 25.7200145721, 8.99495220184, 2.35629940033, 0.494987607002, 0.0340484194458, 8.7340886239e-05, 4.49347297149e-08, 3.02398439622e-09]
    },
    "gfcc": {
        "mean": [-25.2919178009, 73.1609191895, -136.089370728, 38.9001655579, -60.1157798767, 23.5363178253, -33.1666908264, 9.05772972107, -17.6420478821, 7.71903944016, -13.3590688705, 1.76479971409, -7.46249866486],
        "cov": [[27423.0019531, -98.3781890869, -2057.7746582, -161.102416992, -1456.9206543, 808.619873047, -926.636535645, 466.644714355, -346.87109375, 439.572174072, -517.133117676, 341.211669922, -199.554275513], [-98.3781890869, 998.183532715, -473.856872559, -281.08895874, 49.4181098938, -143.420654297, 177.580978394, -111.569564819, 145.695068359, -140.383758545, 156.423400879, -82.7064285278, 116.080879211], [-2057.7746582, -473.856872559, 3605.05786133, 1182.29492188, 1338.20947266, 979.65411377, 140.805252075, 430.468017578, -143.522750854, 290.967071533, -245.222991943, 237.838790894, -236.154251099], [-161.102416992, -281.08895874, 1182.29492188, 732.318054199, 484.34072876, 409.28527832, 94.5845565796, 168.14465332, -4.02866077423, 108.708099365, -91.7269821167, 62.6367797852, -71.6627197266], [-1456.9206543, 49.4181098938, 1338.20947266, 484.34072876, 831.59979248, 467.720550537, 229.095169067, 178.408798218, 17.0488262177, 72.1380615234, -53.5959510803, 62.6894798279, -54.4457206726], [808.619873047, -143.420654297, 979.65411377, 409.28527832, 467.720550537, 548.068603516, 112.14919281, 216.316589355, -11.6200084686, 131.279434204, -79.4286117554, 102.528091431, -60.2400970459], [-926.636535645, 177.580978394, 140.805252075, 94.5845565796, 229.095169067, 112.14919281, 265.982116699, 63.8908729553, 104.359817505, -3.12675619125, 62.9140319824, -4.45944738388, 29.5782985687], [466.644714355, -111.569564819, 430.468017578, 168.14465332, 178.408798218, 216.316589355, 63.8908729553, 195.619613647, 34.2092056274, 107.60244751, -40.9864883423, 62.2404747009, -29.1314334869], [-346.87109375, 145.695068359, -143.522750854, -4.02866077423, 17.0488262177, -11.6200084686, 104.359817505, 34.2092056274, 192.072235107, 38.5039329529, 76.1362991333, -2.63785028458, 43.7117156982], [439.572174072, -140.383758545, 290.967071533, 108.708099365, 72.1380615234, 131.279434204, -3.12675619125, 107.60244751, 38.5039329529, 161.444091797, -14.2323770523, 72.9739456177, -34.5377578735], [-517.133117676, 156.423400879, -245.222991943, -91.7269821167, -53.5959510803, -79.4286117554, 62.9140319824, -40.9864883423, 76.1362991333, -14.2323770523, 137.062667847, -3.42271566391, 62.6585998535], [341.211669922, -82.7064285278, 237.838790894, 62.6367797852, 62.6894798279, 102.528091431, -4.45944738388, 62.2404747009, -2.63785028458, 72.9739456177, -3.42271566391, 122.706123352, 8.60587501526], [-199.554275513, 116.080879211, -236.154251099, -71.6627197266, -54.4457206726, -60.2400970459, 29.5782985687, -29.1314334869, 43.7117156982, -34.5377578735, 62.6585998535, 8.60587501526, 103.906867981]],
        "icov": [[0.000137147537316, -0.000364080129657, 0.000300014100503, -0.000299923674902, 0.000345943728462, -0.000634325959254, 0.000503392308019, -0.000439127616119, 0.000298157247016, -0.000165464138263, 0.000323318759911, -0.000371416273993, 0.000347606546711], [-0.000364080129657, 0.00287194247358, -0.000864495232236, 0.00176208873745, -0.00155910442118, 0.00142157135997, -0.00171404588036, 0.00180353363976, -0.00193696527276, 0.0014797685435, -0.00149141100701, 0.00150311365724, -0.00157479778863], [0.000300014100503, -0.000864495232236, 0.00210981164128, -0.00166004849598, -0.000983400503173, -0.00128589698579, 0.00193781743292, -0.00164357793983, 0.00148421421181, -0.000691623194143, 0.000434352579759, -0.00185990647878, 0.0019567690324], [-0.000299923674902, 0.00176208873745, -0.00166004849598, 0.004529398866, -0.000856300350279, 6.87368228682e-05, -0.00165336299688, 0.00188326986972, -0.0020566675812, 0.000519126770087, -1.74789729499e-05, 0.00205956981517, -0.00172605284024], [0.000345943728462, -0.00155910442118, -0.000983400503173, -0.000856300350279, 0.0064953812398, -0.00336896697991, -0.00166036887094, -0.000181088515092, 0.000423100864282, 0.000204900861718, 0.00166407437064, -0.000233081824263, 0.00035870319698], [-0.000634325959254, 0.00142157135997, -0.00128589698579, 6.87368228682e-05, -0.00336896697991, 0.00912794377655, -0.00287164468318, -0.00122512329835, 0.000170722065377, -0.000369383138604, -0.000851273303851, 8.63321110955e-05, -0.00136926793493], [0.000503392308019, -0.00171404588036, 0.00193781743292, -0.00165336299688, -0.00166036887094, -0.00287164468318, 0.0109535558149, -0.00480171851814, -0.0014554602094, 0.00227136490867, -0.00250380043872, -0.000985353137366, 0.00210513267666], [-0.000439127616119, 0.00180353363976, -0.00164357793983, 0.00188326986972, -0.000181088515092, -0.00122512329835, -0.00480171851814, 0.0154810352251, -0.00328629510477, -0.0046893353574, 0.0031784393359, 0.000735668640118, -0.00254660774954], [0.000298157247016, -0.00193696527276, 0.00148421421181, -0.0020566675812, 0.000423100864282, 0.000170722065377, -0.0014554602094, -0.00328629510477, 0.0118495626375, -0.00563381193206, -0.00202841730788, 0.000926794484258, -0.0012061361922], [-0.000165464138263, 0.0014797685435, -0.000691623194143, 0.000519126770087, 0.000204900861718, -0.000369383138604, 0.00227136490867, -0.0046893353574, -0.00563381193206, 0.0167884994298, -0.00342327915132, -0.00536779873073, 0.00520646711811], [0.000323318759911, -0.00149141100701, 0.000434352579759, -1.74789729499e-05, 0.00166407437064, -0.000851273303851, -0.00250380043872, 0.0031784393359, -0.00202841730788, -0.00342327915132, 0.0160563513637, -0.0018186008092, -0.00457185786217], [-0.000371416273993, 0.00150311365724, -0.00185990647878, 0.00205956981517, -0.000233081824263, 8.63321110955e-05, -0.000985353137366, 0.000735668640118, 0.000926794484258, -0.00536779873073, -0.0018186008092, 0.0160529762506, -0.00719150574878], [0.000347606546711, -0.00157479778863, 0.0019567690324, -0.00172605284024, 0.00035870319698, -0.00136926793493, 0.00210513267666, -0.00254660774954, -0.0012061361922, 0.00520646711811, -0.00457185786217, -0.00719150574878, 0.0189791675657]]
    },
    "melbands": {
        "dmean": [0.00296294107102, 0.0036030872725, 0.00203873380087, 0.000375945615815, 0.0001201216146, 7.32803237042e-05, 0.000131466847961, 0.000140216943691, 8.22382207843e-05, 7.93552171672e-05, 4.64198747068e-05, 0.000101800811535, 6.5244428697e-05, 5.10157260578e-05, 6.25633037998e-05, 0.000109953522042, 3.9015107177e-05, 1.92527804757e-05, 2.39020555455e-05, 4.5048105676e-05, 4.92802319059e-05, 2.26198826567e-05, 8.99802489585e-06, 1.01329187601e-05, 1.15810034913e-05, 9.09901791601e-06, 1.15584061859e-05, 5.82147458772e-06, 6.24708081887e-06, 6.25147640676e-06, 1.08135736809e-05, 5.2156210586e-06, 3.47117293131e-06, 2.94645815302e-06, 2.32211732509e-06, 2.16449461732e-06, 1.85672467978e-06, 1.59679143508e-06, 1.20383344893e-06, 9.46245847899e-07],
        "dmean2": [0.00457733217627, 0.00579557195306, 0.00357850478031, 0.000673285510857, 0.00019198586233, 0.000113453184895, 0.000203606570722, 0.000217969922232, 0.000128164247144, 0.000123765814351, 7.21404940123e-05, 0.000150426989421, 9.89868931356e-05, 8.25251772767e-05, 0.000102670841443, 0.000182553529157, 6.57920172671e-05, 3.22131963912e-05, 3.94280541514e-05, 7.73486463004e-05, 8.41459768708e-05, 3.766876398e-05, 1.56209443958e-05, 1.78049849637e-05, 1.97909612325e-05, 1.54947811097e-05, 1.93467676581e-05, 1.00743236544e-05, 1.0945575923e-05, 1.06737952592e-05, 1.80008191819e-05, 8.44043643156e-06, 5.67157712794e-06, 4.83378471472e-06, 3.70872498934e-06, 3.59430873687e-06, 3.02426860799e-06, 2.58258205577e-06, 1.92501988749e-06, 1.51774656842e-06],
        "dvar": [4.80867747683e-05, 0.000104077691503, 5.27727097506e-05, 1.41943132803e-06, 3.56979370508e-08, 1.45298972853e-08, 3.46600543821e-08, 4.30865014778e-08, 4.47951080673e-08, 1.66094178411e-08, 4.20746992802e-09, 4.81069371006e-08, 9.27300014553e-09, 1.34984334821e-08, 1.81056094561e-08, 3.43165567074e-08, 2.59754173726e-09, 8.64713745052e-10, 1.00471753139e-09, 4.53127579902e-09, 5.25578736088e-09, 1.40388867198e-09, 2.02534475302e-10, 2.84348128377e-10, 4.32525487648e-10, 2.18808152153e-10, 4.83732498502e-10, 1.03708083787e-10, 1.50453996484e-10, 9.91968313047e-11, 4.75996964067e-10, 6.85966075609e-11, 3.08079395328e-11, 2.33312640041e-11, 1.86609443176e-11, 2.12524407794e-11, 1.47515420018e-11, 1.13292968756e-11, 6.92381135065e-12, 3.87739016242e-12],
        "dvar2": [0.000117409617815, 0.000257341162069, 0.000143791548908, 4.10848679167e-06, 9.1169432892e-08, 3.52594327069e-08, 7.7703461443e-08, 9.71216564949e-08, 9.61187680559e-08, 3.94317893893e-08, 9.97506965916e-09, 9.93368942659e-08, 2.19633502496e-08, 3.65571644068e-08, 4.97889622864e-08, 7.84924196751e-08, 7.33120808505e-09, 2.2258395127e-09, 2.61127963697e-09, 1.24089920561e-08, 1.42678260318e-08, 3.55427465237e-09, 5.64283786364e-10, 8.02894417617e-10, 1.19004894827e-09, 5.79933712164e-10, 1.32682509424e-09, 2.85351742235e-10, 4.19886986291e-10, 2.74959999214e-10, 1.31567490236e-09, 1.72852676616e-10, 8.00528532352e-11, 5.93208676625e-11, 4.25359608647e-11, 5.42162842398e-11, 3.62894089778e-11, 2.7256405466e-11, 1.62552905164e-11, 9.18171181447e-12],
        "max": [0.0612688660622, 0.0759474113584, 0.0557971037924, 0.0100932540372, 0.00216284720227, 0.00181070901453, 0.00226130825467, 0.00276850257069, 0.00650061713532, 0.00205118092708, 0.00084768544184, 0.00405672937632, 0.00128420640249, 0.00270095979795, 0.00163026421797, 0.00409895926714, 0.000671551097184, 0.000455244997283, 0.000490367237944, 0.00078908452997, 0.000781075796112, 0.000711692089681, 0.000168939630385, 0.000235895771766, 0.000222950664465, 0.000180339542567, 0.000409691245295, 0.000152183696628, 0.000137847659062, 9.57511292654e-05, 0.000291184987873, 0.000119932126836, 6.72910318826e-05, 6.63239843561e-05, 6.84158003423e-05, 6.54946343275e-05, 6.06161993346e-05, 5.37933956366e-05, 4.55182271253e-05, 4.00035387429e-05],
        "mean": [0.0048027895391, 0.00437469314784, 0.00158417713828, 0.000356419361196, 0.00020445107657, 0.000137871174957, 0.000311419542413, 0.000331838848069, 0.00012769465684, 0.000136359434691, 8.44381575007e-05, 0.000184281481779, 0.000120113691082, 7.99827321316e-05, 9.35868592933e-05, 0.000167197416886, 6.35872129351e-05, 2.81802404061e-05, 3.8631947973e-05, 6.30790236755e-05, 7.44422504795e-05, 3.49206384271e-05, 1.35791979119e-05, 1.4152786207e-05, 1.56610294653e-05, 1.38062732731e-05, 1.91428189282e-05, 9.69096163317e-06, 8.7598709797e-06, 9.56298481469e-06, 1.70107177837e-05, 1.00937268144e-05, 6.27957570032e-06, 5.1096540119e-06, 3.67095640286e-06, 3.04508557747e-06, 2.61582113126e-06, 2.23965093937e-06, 1.60723107001e-06, 1.2349012195e-06],
        "median": [0.000914218020625, 0.000690067186952, 0.000160904892255, 8.35746104713e-05, 9.62163030636e-05, 6.38117053313e-05, 0.000148955106852, 0.000131156833959, 3.60408812412e-05, 6.62115271552e-05, 4.96449065395e-05, 7.77277527959e-05, 6.9379042543e-05, 3.45904954884e-05, 3.84926643164e-05, 8.07175238151e-05, 4.13766101701e-05, 1.67125162989e-05, 2.52608497249e-05, 3.42986531905e-05, 4.03805679525e-05, 1.63835084095e-05, 8.40798202262e-06, 9.4819770311e-06, 8.14304712549e-06, 6.98756457496e-06, 7.14828593118e-06, 4.39641826233e-06, 4.33194418292e-06, 4.43702901975e-06, 5.43340956938e-06, 4.60768296762e-06, 3.12557244797e-06, 2.37415338233e-06, 1.48526805788e-06, 1.09030008844e-06, 8.95604557627e-07, 7.16438421478e-07, 4.55371576891e-07, 3.03350134345e-07],
        "min": [7.7482399316e-24, 4.93030413812e-24, 1.73674102281e-23, 1.1027827382e-23, 1.4691874872e-23, 7.28958279067e-24, 2.24090100181e-24, 5.37491955494e-24, 1.00158371697e-23, 1.29145665194e-23, 5.69075895101e-24, 1.76033285481e-23, 1.43174688646e-23, 1.24803900989e-23, 2.53834865808e-23, 5.15884936971e-24, 9.70399414301e-24, 8.76477161609e-24, 6.69276928396e-24, 1.45680521089e-23, 1.42316281764e-23, 1.05293169881e-23, 1.98224037408e-23, 1.09034516274e-23, 1.27681452579e-23, 7.70364878007e-24, 1.02566101398e-23, 1.27232748496e-23, 8.34539422621e-24, 8.41657077911e-24, 1.43165979622e-23, 1.0685706296e-23, 8.56738836241e-24, 8.74813059529e-24, 1.02018908031e-23, 1.14133634279e-23, 1.36440893073e-23, 7.72259485243e-24, 1.01362457429e-23, 1.00927274422e-23],
        "var": [8.42925583129e-05, 0.000109735658043, 3.49387046299e-05, 8.62817842062e-07, 7.53379154617e-08, 3.56195037909e-08, 1.41476448334e-07, 1.9635520232e-07, 1.11534497194e-07, 4.08899083482e-08, 1.05197175415e-08, 1.35372403065e-07, 2.25007141808e-08, 2.74340887785e-08, 3.00257916308e-08, 8.09552176406e-08, 4.69488981025e-09, 1.25772903203e-09, 1.89163396058e-09, 6.51983134148e-09, 8.64065263784e-09, 2.67598809778e-09, 2.71996980494e-10, 2.84844120513e-10, 4.64003058198e-10, 3.1539307277e-10, 1.06549002954e-09, 1.81950690625e-10, 1.50609955063e-10, 1.53861756669e-10, 8.69289862315e-10, 1.76784850647e-10, 6.54642937081e-11, 4.60599058894e-11, 3.09630827922e-11, 2.55591225268e-11, 1.92646801289e-11, 1.4941979945e-11, 9.55879472797e-12, 5.79821043609e-12]
    },
    "mfcc": {
        "mean": [-649.075256348, 93.8720397949, -13.1303710938, 16.1064605713, -2.16572833061, 13.2633295059, -1.7285399437, 3.80852150917, 3.82886385918, 2.17942976952, 2.1320874691, 4.71762084961, 3.78204870224],
        "cov": [[17270.0429688, 793.103393555, -187.633346558, -278.060119629, -224.528564453, 83.2122268677, -539.286010742, -175.498016357, -225.30480957, -375.337524414, -334.711242676, -44.7264900208, 166.460922241], [793.103393555, 1237.65380859, -325.450561523, -157.696289062, -72.7439346313, -14.4560823441, -4.63066864014, 22.7621421814, -19.7638893127, -63.7014465332, -13.5787630081, 3.97661328316, 73.7670211792], [-187.633346558, -325.450561523, 1587.34851074, 585.926391602, 868.110168457, 565.226318359, 422.962615967, 285.170013428, 256.578918457, 185.821807861, 151.425537109, 78.5209732056, 14.1834955215], [-278.060119629, -157.696289062, 585.926391602, 455.612792969, 380.103668213, 256.596221924, 181.095291138, 132.383087158, 118.249076843, 101.53993988, 65.5015640259, 20.9502754211, -19.7121429443], [-224.528564453, -72.7439346313, 868.110168457, 380.103668213, 753.29284668, 452.282836914, 354.824066162, 256.527679443, 209.36882019, 136.597335815, 110.653892517, 39.5043411255, 19.2889976501], [83.2122268677, -14.4560823441, 565.226318359, 256.596221924, 452.282836914, 392.123779297, 255.618453979, 200.537231445, 150.121490479, 95.5860366821, 84.0126113892, 41.965423584, 23.2769832611], [-539.286010742, -4.63066864014, 422.962615967, 181.095291138, 354.824066162, 255.618453979, 322.982055664, 185.04309082, 124.703552246, 82.7925338745, 69.601348877, 22.5335712433, 8.40219116211], [-175.498016357, 22.7621421814, 285.170013428, 132.383087158, 256.527679443, 200.537231445, 185.04309082, 199.842910767, 121.137313843, 72.4693832397, 60.2641830444, 32.7412185669, 26.4876365662], [-225.30480957, -19.7638893127, 256.578918457, 118.249076843, 209.36882019, 150.121490479, 124.703552246, 121.137313843, 160.826583862, 93.0145721436, 65.9267654419, 42.631942749, 31.2417507172], [-375.337524414, -63.7014465332, 185.821807861, 101.53993988, 136.597335815, 95.5860366821, 82.7925338745, 72.4693832397, 93.0145721436, 122.191009521, 70.9211502075, 38.8971405029, 20.6233768463], [-334.711242676, -13.5787630081, 151.425537109, 65.5015640259, 110.653892517, 84.0126113892, 69.601348877, 60.2641830444, 65.9267654419, 70.9211502075, 104.458610535, 46.6485061646, 25.158613205], [-44.7264900208, 3.97661328316, 78.5209732056, 20.9502754211, 39.5043411255, 41.965423584, 22.5335712433, 32.7412185669, 42.631942749, 38.8971405029, 46.6485061646, 81.9390182495, 50.1317901611], [166.460922241, 73.7670211792, 14.1834955215, -19.7121429443, 19.2889976501, 23.2769832611, 8.40219116211, 26.4876365662, 31.2417507172, 20.6233768463, 25.158613205, 50.1317901611, 109.397018433]],
